259
3
1
89 3
2
1
2
2
1
13 1
3
2
2
1
10 2
3
1
93 2
3
3
1
61 1
1
26 1
1
8 1
1
21 3
3
1
70 1
3
2
2
2
2
2
2
1
87 1
1
66 3
2
3
3
2
3
3
3
1
65 1
2
3
1
10 2
2
1
3
1
58 2
3
3
2
2
1
38 3
2
3
2
3
1
27 1
1
87 2
2
1
2
2
3
1
29 3
3
1
100 1
2
2
1
4 2
3
2
3
2
3
2
2
1
67 1
1
71 3
3
3
1
32 2
3
3
3
2
3
3
3
3
1
2 3
1
58 1
3
3
1
98 1
3
2
2
2
2
1
66 2
2
2
3
3
2
2
3
3
2
3
2
1
2
1
1
29 2
3
2
1
2
2
2
1
1
33 3
1
65 2
2
3
2
3
2
3
2
2
3
3
1
19 1
2
2
3
3
2
2
2
2
3
1
77 2
1
34 3
3
2
2
2
1
1
13 3
2
1
1
87 2
3
2
3
1
27 2
2
2
2
1
3
1
2 2
3
3
1
77 1
1
73 3
1
34 3
2
2
2
1
1
81 3
1
91 2
1
64 3
3
3
3
2
2
1
99 3
2
2
1
77 2
2
1
3
1
33 1
1
69 1
3
1
56 3
3
1
54 2
2
1
1
61 1
3
2
1
1
43 1
2
3
2
3
3
2
2
1
51 2
2
2
3
1
46 2
2
2
3
1
6 1
1
67 3
1
6 3
3
3
1
40 3
1
91 3
2
2
3
3
2
2
2
2
3
3
1
76 3
1
69 3
2
3
2
1
2
1
3
1
14 2
1
76 2
3
2
2
3
1
55 3
1
92 1
3
3
2
1
3
2
3
3
1
56 2
3
3
3
3
2
1
3
3
2
3
2
1
3
3
2
1
2
3
1
98 3
1
54 1
2
3
3
2
1
3
3
2
1
2
1
2
1
3
3
1
63 3
2
2
2
1
3
1
75 3
1
60 3
2
2
2
3
1
21 3
2
2
1
41 1
1
95 1
1
22 2
3
1
48 2
2
2
3
2
3
1
15 3
1
52 3
2
2
3
3
1
7 1
1
75 3
3
1
71 3
3
2
2
1
92 3
3
1
21 2
1
68 3
3
2
3
3
2
1
3
3
1
9 2
