243
1
61 2
2
1
3
1
42 3
1
58 2
1
9 3
1
71 3
1
61 3
3
1
61 2
2
2
1
78 3
2
1
1
61 1
2
1
2
2
3
3
2
3
3
2
2
3
2
1
3
2
2
1
53 3
1
45 1
1
72 3
1
71 3
3
1
93 2
3
3
3
1
94 2
3
1
41 1
2
2
3
1
64 3
2
3
1
50 1
2
2
2
1
1
54 1
2
3
2
1
3
1
29 1
2
1
2
3
2
1
1
55 2
1
82 2
1
79 3
1
32 2
2
1
3
2
3
3
2
1
1
31 1
1
73 3
3
2
2
2
1
2
1
1
100 1
1
49 3
3
2
2
1
28 3
1
48 1
2
3
3
1
65 1
2
1
2
3
1
17 3
1
47 1
3
2
1
1
9 1
2
2
1
82 3
2
3
2
3
3
1
6 3
1
23 3
1
4 1
2
1
2
2
2
3
3
2
2
2
1
1
82 2
1
30 1
1
66 3
3
2
3
3
2
3
3
3
1
16 1
2
3
2
2
3
1
42 3
1
22 1
1
10 2
3
1
74 2
2
3
2
2
2
1
2
1
1
75 1
1
15 3
1
81 3
2
3
3
2
1
3
3
2
2
3
2
3
1
6 2
3
2
3
2
3
3
2
3
1
25 1
3
1
61 3
1
12 2
3
2
3
2
1
1
83 2
3
2
2
1
93 3
3
2
3
1
65 3
2
3
3
2
2
2
3
3
1
42 2
1
91 2
2
2
3
2
1
1
66 1
2
1
1
40 2
3
1
2 3
3
3
3
3
1
77 1
1
25 3
3
3
3
2
3
3
2
2
3
2
3
2
1
3
2
2
1
86 3
2
1
3
1
48 3
2
3
2
1
3
1
39 3
1
43 3
1
17 2
1
77 2
3
2
3
3
1
73 3
3
2
1
3
3
3
1
97 3
1
63 2
1
22 1
3
1
24 3
3
2
1
3
3
1
63 2
2
1
2
1
1
44 1
3
3
2
3
3
1
93 2
3
2
2
3
2
1
3
3
3
3
3
1
79 2
3
3
3
1
6 3
3
1
7 1
3
1
76 3
1
35 2
1
99 2
3
1
14 2
3
