219
1
61 3
3
2
3
2
2
2
3
3
3
2
1
1
90 2
2
2
2
1
2
3
2
2
2
3
3
2
3
3
1
5 2
3
1
99 1
2
2
1
97 3
1
26 1
1
5 1
2
1
1
74 2
1
0 3
2
2
3
3
2
2
2
3
3
1
44 1
3
3
2
2
2
3
2
2
3
1
75 2
3
1
51 2
1
19 2
1
29 1
3
1
44 1
1
15 1
2
3
2
3
3
3
3
3
3
2
3
3
1
81 3
2
2
2
1
3
3
1
74 3
2
2
2
1
3
1
10 2
3
1
50 1
3
3
2
3
1
3 2
2
2
2
1
2
2
2
2
1
61 1
1
87 2
2
1
3
2
1
3
3
3
1
61 1
1
58 2
1
86 3
1
45 2
2
3
1
91 3
1
83 3
3
2
1
2
2
2
2
1
58 3
1
44 2
1
36 1
1
71 1
1
43 2
3
3
2
3
3
3
1
5 2
2
2
2
2
1
49 3
3
2
2
2
2
3
2
1
1
67 1
1
14 2
3
3
2
2
3
3
1
61 2
3
1
86 2
2
2
3
3
1
92 3
3
2
2
2
1
1
76 1
3
3
3
3
1
2 3
2
3
3
2
1
2
3
3
3
1
24 2
1
62 2
2
2
3
1
1 3
3
1
98 1
3
1
12 1
3
1
40 1
2
2
3
3
2
3
1
74 2
1
69 3
1
82 2
3
3
3
2
2
3
2
2
1
8 1
1
37 1
3
3
3
1
39 3
2
3
3
3
2
1
1
44 2
2
2
1
29 1
2
1
1
78 2
2
2
3
2
3
1
7 2
3
2
2
2
3
2
3
1
51 3
3
3
1
51 3
2
2
3
1
90 1
2
2
2
3
2
1
2
2
1
2 2
1
57 1
3
3
3
3
1
64 1
1
38 1
2
2
2
2
2
3
1
63 3
1
10 3
2
3
2
1
3
3
