254
3
1
34 1
2
2
3
2
2
1
2 2
1
9 3
3
3
3
1
67 1
2
1
2
1
2
1
3
3
2
3
3
2
2
1
22 2
2
2
2
2
2
2
2
3
1
99 1
2
1
3
3
2
3
2
1
3
2
3
1
79 3
2
1
1
66 3
3
2
2
3
3
3
1
97 3
2
2
3
2
1
2
2
1
100 2
1
25 3
1
34 2
3
2
3
3
2
1
2
3
1
7 3
1
3 3
3
2
2
3
3
2
2
3
3
3
2
3
2
3
2
2
1
23 3
1
94 3
1
10 1
1
64 2
3
2
2
1
47 2
3
3
3
3
3
3
1
66 2
2
2
3
2
3
3
3
3
3
1
84 3
2
1
1
46 1
1
72 2
2
3
1
13 3
3
1
77 2
2
3
1
84 2
3
1
40 1
1
55 1
2
1
3
2
3
3
1
12 3
3
1
52 2
3
2
1
2
1
3
2
3
1
94 3
3
1
49 2
1
37 1
2
1
1
16 3
1
69 2
3
3
2
1
3
3
3
2
3
1
70 3
1
26 2
1
1 1
3
2
1
3
2
1
2
3
2
2
3
1
74 3
1
23 3
2
3
3
3
2
3
1
60 1
1
70 2
2
3
2
1
3
1
82 3
1
99 2
1
78 2
1
35 3
2
2
3
2
3
3
2
3
1
13 2
2
2
2
1
1
55 3
2
2
2
3
3
2
2
2
1
1
35 3
3
2
3
3
3
1
38 1
3
3
1
46 3
1
26 1
3
2
3
3
2
2
1
29 2
1
21 1
1
1 3
3
2
1
2
2
1
72 1
2
2
3
1
21 2
3
3
1
73 3
2
3
2
3
3
3
3
1
65 2
2
1
2
2
1
55 2
2
1
2
1
2
2
1
97 2
2
3
3
3
1
65 1
2
1
3
2
2
2
3
1
70 1
1
15 2
2
3
1
40 1
1
35 1
2
3
1
23 3
3
2
3
3
3
2
2
2
2
1
98 2
3
2
1
3
1
16 1
2
1
3
3
3
1
32 1
2
2
1
6 1
1
74 1
3
1
24 2
1
89 3
2
2
3
3
3
1
24 2
3
2
3
2
3
2
2
2
2
1
54 3
1
70 3
