133
1
24 3
2
3
2
3
3
2
1
1
71 1
2
2
3
3
2
1
2
1
1
87 2
3
1
25 3
3
1
89 1
3
3
1
85 3
3
3
3
3
2
1
2
1
2
2
1
7 2
3
2
3
2
2
2
1
1
81 2
1
15 3
3
2
2
3
2
2
3
1
14 3
1
70 1
2
2
2
3
2
2
3
1
42 1
1
98 1
1
91 3
2
1
3
1
14 2
3
1
37 2
2
2
2
1
2
2
3
3
1
26 2
2
2
1
12 3
3
2
2
3
3
3
3
1
13 1
3
2
2
3
3
1
15 1
1
31 1
2
2
1
22 2
2
2
1
71 1
2
2
1
30 2
1
85 3
1
58 3
2
2
2
2
1
13 2
1
60 2
2
1
3
1
35 3
3
3
1
61 2
1
62 3
3
1
11 2
2
3
1
60 3
2
1
3
2
3
2
1
2
1
2
1
2
1
1
49 1
3
2
3
1
90 2
1
79 2
3
3
3
3
3
2
3
2
2
3
2
1
2
2
1
41 1
2
3
1
99 3
2
3
2
2
3
2
2
1
49 2
2
2
3
3
3
2
1
1
39 3
2
2
