262
3
3
3
2
3
2
2
1
73 2
3
1
43 2
2
3
3
2
1
1
54 2
1
28 2
3
2
3
2
2
3
1
64 1
2
2
2
2
2
3
3
1
14 2
3
1
75 1
1
0 3
3
3
2
1
1
31 1
2
3
3
3
1
80 3
2
3
3
2
2
2
2
1
94 3
1
68 1
1
10 3
1
43 1
1
97 2
2
1
1
60 1
3
1
34 2
1
83 3
3
2
3
3
2
2
1
26 2
2
3
1
49 3
3
3
2
2
2
3
2
3
2
2
2
1
3
1
87 2
3
2
3
1
14 1
1
36 2
1
8 2
3
3
1
79 1
1
81 2
1
13 2
1
14 3
2
1
2
1
3
2
3
3
1
61 3
3
3
1
17 3
2
3
1
2 3
1
75 1
1
68 3
1
31 3
1
56 3
3
2
3
1
72 2
1
55 1
1
68 3
1
14 2
2
1
3
1
24 2
2
1
3
3
3
3
1
92 2
2
2
2
2
3
2
1
1
3 1
2
1
1
9 3
1
25 1
1
71 1
1
95 3
1
94 2
1
7 2
1
17 3
2
3
1
79 1
3
3
1
43 3
1
97 1
1
99 2
3
2
3
1
0 3
1
92 1
2
1
3
3
3
1
42 1
2
3
2
1
3
1
2 1
2
2
2
1
1
42 2
1
29 3
1
73 1
3
3
1
87 1
1
66 2
3
3
3
1
21 3
1
63 1
1
56 2
3
1
39 1
2
2
3
2
3
2
3
3
2
2
2
2
3
1
46 3
1
56 2
2
1
3
2
2
2
2
1
84 1
2
2
3
2
2
3
1
15 1
3
3
2
2
1
5 3
3
2
1
3
3
3
2
3
3
2
3
3
2
3
2
1
2
3
1
36 3
2
3
3
3
3
3
2
1
3
3
1
66 2
1
73 1
1
43 3
1
9 3
1
83 2
2
2
3
2
3
1
78 1
3
1
38 3
2
3
1
45 3
2
2
2
3
2
1
3
2
2
2
3
3
3
3
1
9 1
2
3
2
1
2
1
3
1
29 2
1
68 3
2
1
2
2
3
1
34 1
3
3
2
3
3
2
3
1
50 2
3
3
2
2
3
3
1
36 3
1
19 2
2
3
3
2
3
1
67 1
2
3
2
1
1
52 1
1
7 1
2
3
2
3
1
56 2
3
3
2
1
3
2
1
