212
1
84 3
2
3
1
25 2
3
1
76 2
3
2
3
3
3
3
2
1
3
3
1
14 2
2
1
2
3
2
1
1
46 2
2
2
3
2
1
1
65 1
1
44 1
2
3
1
59 2
3
2
2
1
74 3
3
1
12 2
2
3
2
3
3
2
1
3
2
2
2
2
1
76 1
3
3
3
2
3
1
90 3
2
1
1
80 3
2
3
1
3 1
2
3
1
52 1
2
2
3
2
3
2
3
1
73 1
3
2
1
1
90 2
3
1
51 2
3
3
3
3
3
1
81 3
3
1
94 1
2
3
3
3
3
1
72 1
3
3
3
3
2
3
1
99 3
2
1
1
89 1
2
2
1
32 3
2
3
3
1
87 1
2
3
3
3
2
2
3
3
2
3
3
3
1
86 3
2
1
3
3
2
1
3
2
2
3
1
51 2
1
8 1
2
3
2
2
3
3
3
2
3
2
2
2
3
2
1
2
1
1
38 1
1
11 3
2
3
2
1
1
22 2
1
94 2
3
1
21 2
1
31 3
1
51 3
3
3
1
33 2
3
3
1
58 2
2
3
1
90 1
3
2
1
1
24 2
2
1
1
22 1
3
2
1
3
1
78 2
1
75 1
2
2
1
3 1
1
12 2
3
3
1
86 1
2
2
3
2
2
1
45 3
2
1
2
3
3
3
2
2
3
2
1
2
2
3
3
3
1
92 2
1
32 1
3
2
2
2
1
2
2
3
1
88 1
2
2
3
1
58 3
1
85 2
2
1
1
34 3
3
2
3
2
2
1
37 1
2
2
2
2
2
3
1
9 1
3
3
3
1
98 2
1
79 3
3
1
17 3
1
98 3
1
66 3
1
82 2
1
0 3
3
2
1
3
2
1
3
2
2
1
22 3
3
1
27 2
2
3
1
5 3
3
3
3
2
2
3
