253
2
1
3
2
1
2
3
3
3
2
2
3
3
1
70 3
3
2
3
1
44 1
1
68 2
2
1
2
2
2
3
2
1
2
1
2
3
1
13 2
1
91 3
1
15 1
1
68 1
1
64 1
1
44 2
2
2
3
3
1
61 2
3
3
1
37 3
2
2
3
1
70 3
3
3
2
1
3
3
3
2
1
1
92 2
2
1
1
11 3
1
53 1
1
58 2
2
2
1
72 1
1
26 3
2
2
2
2
3
2
2
2
2
3
3
2
1
1
62 3
3
3
3
1
59 1
1
63 2
1
84 3
3
2
3
3
3
3
3
3
2
3
1
15 3
2
2
2
1
3
2
3
1
81 2
3
1
60 1
3
1
40 1
3
1
88 2
2
3
3
2
1
3
2
2
3
1
24 1
3
3
3
3
3
2
2
1
73 2
1
3 1
3
1
47 1
1
27 1
3
3
1
100 3
1
74 2
1
80 3
3
3
3
2
3
2
2
1
70 2
3
1
36 3
2
3
2
3
3
3
2
1
1
73 1
2
3
1
73 2
2
1
3
1
49 1
2
3
3
2
3
2
1
2
1
3
2
2
1
77 2
2
1
2
3
1
86 1
3
3
2
1
2
1
3
1
93 1
3
3
2
2
3
2
3
2
2
1
23 3
2
3
1
61 2
1
36 2
1
41 3
2
1
2
2
2
2
3
1
50 3
3
2
3
1
62 3
2
1
2
1
3
2
3
1
32 1
2
3
2
3
1
84 1
3
1
86 3
3
1
22 2
1
68 1
1
73 2
2
2
1
82 3
2
1
1
100 2
3
3
1
71 3
1
95 2
2
3
3
3
1
65 2
1
90 2
2
3
2
1
1
43 3
3
2
3
1
16 1
2
2
2
3
1
28 3
2
1
2
1
2
3
3
1
31 3
3
3
1
77 2
1
49 1
3
2
1
3
2
3
1
35 1
2
2
3
1
80 2
1
49 3
2
1
2
2
2
2
3
3
1
96 2
2
3
1
92 1
3
1
57 2
2
2
2
2
1
4 3
1
29 1
1
44 3
2
2
1
76 2
2
1
2
2
1
39 3
3
2
2
1
82 3
3
2
3
3
1
36 3
2
2
3
1
94 2
2
3
3
3
1
67 2
1
52 1
