167
2
3
1
73 3
1
85 1
1
40 1
2
3
2
1
2
2
1
77 2
3
2
2
2
3
2
1
3
3
2
2
2
3
1
89 2
3
2
3
3
3
3
1
21 3
1
85 2
1
93 2
2
1
1
58 3
1
89 3
3
2
2
2
1
1
57 1
1
31 3
2
1
1
30 2
2
3
2
1
3
3
2
3
3
3
2
2
1
13 1
1
28 2
3
2
1
1
21 2
3
2
1
3
2
3
2
2
3
2
3
1
69 3
1
97 2
3
2
1
1
17 3
2
2
2
1
1
40 3
2
2
3
2
2
1
44 1
1
35 3
3
1
20 1
2
3
2
2
2
3
2
1
2
1
2
2
2
3
2
3
1
6 3
1
68 3
1
26 1
2
3
1
65 3
2
3
1
78 2
3
1
49 1
3
2
3
3
2
1
3
2
1
3
3
3
1
59 1
3
3
3
3
2
1
1
93 2
2
3
3
3
1
58 2
1
87 1
1
94 3
3
2
1
1
82 1
3
2
1
3
2
3
1
11 3
3
1
35 1
1
64 2
3
1
97 1
3
2
3
2
3
1
25 3
1
34 1
2
3
2
3
3
2
1
2
2
3
1
63 2
1
63 1
1
16 3
3
2
3
2
2
1
93 2
1
53 3
2
1
3
1
17 2
2
3
2
1
2
1
1
3 3
3
1
34 1
1
89 3
3
3
2
2
3
3
3
2
2
3
2
2
2
1
1
68 2
2
1
2
1
2
3
3
2
1
