219
3
2
1
1
81 1
2
3
3
3
1
99 1
1
45 1
2
2
2
1
3
2
2
1
66 3
1
19 1
3
1
62 3
1
49 1
3
3
1
48 1
1
90 1
3
2
3
2
3
2
1
2
3
2
2
2
2
2
3
3
3
2
3
3
2
1
1
52 2
3
3
3
1
4 3
3
2
3
2
1
1
20 2
2
3
2
1
1
25 3
1
48 1
3
1
54 3
2
3
2
1
2
1
3
2
2
2
3
2
1
3
3
2
3
3
2
3
1
16 2
2
1
2
1
2
3
2
3
3
1
37 1
1
52 2
2
2
1
24 1
3
3
1
1 2
1
40 3
2
2
2
1
2
2
1
7 1
3
3
1
91 1
2
3
3
3
1
37 3
3
3
1
11 2
2
3
2
1
1
98 2
2
3
2
3
1
31 3
1
25 2
3
2
3
1
36 1
1
43 1
2
1
3
2
1
1
62 1
2
2
1
13 1
2
2
1
94 1
1
21 2
1
15 2
1
27 3
1
44 1
1
58 3
2
1
1
51 1
1
62 2
2
1
2
2
3
1
75 3
1
74 2
1
16 1
1
92 1
3
2
2
3
2
1
2
1
2
2
2
1
3
1
4 3
2
3
3
2
3
3
3
3
2
1
1
100 1
2
3
3
1
82 2
1
78 3
2
3
1
69 3
3
2
2
2
3
1
29 3
3
2
1
2
2
3
3
1
18 3
2
1
1
90 3
3
3
3
2
3
2
2
2
2
2
2
1
23 1
2
3
2
3
3
1
37 3
3
2
1
2
3
2
2
2
2
1
26 1
2
3
1
37 2
2
2
2
3
1
53 1
2
1
3
3
3
2
3
3
3
2
3
2
2
2
2
2
1
3
3
2
2
3
1
98 3
1
14 2
2
2
1
76 2
3
2
3
2
2
1
88 2
1
48 3
2
1
3
1
50 1
1
70 3
2
3
3
1
52 2
1
81 3
3
2
1
2
3
1
31 2
1
55 1
1
6 2
