156
3
2
3
1
22 2
3
3
1
55 3
2
3
2
3
2
1
1
50 1
3
2
3
3
1
77 2
3
3
3
1
70 2
1
94 1
3
2
1
2
1
1
17 2
3
2
1
1
41 1
1
73 2
1
58 3
1
83 2
1
19 3
1
87 3
2
2
3
2
1
3
3
3
3
3
3
2
1
1
68 3
1
1 2
1
55 3
1
30 3
1
36 3
3
3
3
1
85 1
2
2
1
40 2
3
1
52 3
3
1
25 1
3
1
89 1
3
1
59 3
2
3
2
1
3
3
1
66 3
2
2
2
2
2
3
1
22 2
2
3
1
16 1
1
40 2
2
1
3
3
1
68 2
2
2
3
1
6 1
2
3
1
50 3
2
2
1
88 1
2
3
1
59 1
2
3
3
3
2
2
1
98 3
3
1
100 2
2
1
2
1
2
1
2
1
1
81 2
2
3
1
95 1
3
3
3
1
85 2
3
2
3
3
3
1
69 1
1
83 1
3
3
1
52 3
3
3
1
89 2
2
3
1
73 2
3
1
15 3
3
2
1
3
2
1
2
3
3
3
1
32 3
2
3
1
60 3
2
1
2
3
3
2
1
2
1
3
2
2
2
1
3
1
25 1
3
2
2
1
0 2
1
99 1
1
79 3
2
2
2
1
1
55 1
2
2
2
2
1
2 2
3
1
59 3
2
3
2
3
2
2
2
1
