242
2
2
1
89 1
2
2
1
36 3
2
3
1
22 2
3
2
3
1
4 1
2
2
1
11 1
1
8 2
3
1
14 1
3
2
3
2
3
3
3
2
1
3
3
1
6 1
3
1
0 3
3
2
2
2
3
1
52 1
1
100 2
3
1
9 2
2
3
3
1
3 2
2
2
1
17 3
1
85 1
2
1
3
1
76 2
1
2 3
2
3
3
3
3
2
1
3
3
2
3
2
2
2
1
3
1
63 1
2
2
2
3
3
2
2
3
3
2
3
1
87 2
3
1
69 3
2
1
2
1
3
3
3
3
1
57 3
2
1
2
1
1
32 3
2
1
2
3
3
1
95 3
1
45 2
2
1
1
79 1
1
27 3
1
19 1
2
1
1
12 1
1
84 2
3
3
1
100 2
2
2
2
2
1
20 3
1
64 3
3
3
1
99 2
3
1
1 2
2
1
2
3
3
3
3
3
3
2
2
1
53 1
1
51 3
3
1
51 1
1
75 2
2
2
3
2
1
1
50 2
2
1
2
1
2
2
1
94 3
3
2
3
2
1
2
2
1
97 1
3
3
1
59 3
1
7 2
1
66 1
2
3
1
61 3
1
1 3
3
1
16 2
2
3
1
81 3
1
76 2
2
1
3
1
66 2
2
3
2
1
1
36 2
1
61 2
3
2
2
2
2
2
1
3
2
3
3
2
3
2
3
3
3
1
22 2
1
93 1
1
78 1
2
1
1
61 3
3
2
2
2
1
1
55 3
2
1
3
2
3
2
1
1
70 2
2
1
3
3
2
3
2
2
3
2
2
2
1
1
81 2
3
2
1
3
1
66 1
2
3
3
2
2
1
62 2
2
1
1
90 3
2
1
2
3
1
77 3
1
62 3
3
1
97 2
1
22 3
2
2
1
17 2
1
37 2
3
1
76 2
2
2
3
2
3
3
1
64 1
3
3
2
2
3
3
3
1
52 2
3
1
80 1
2
3
3
2
1
1
30 1
3
2
1
3
3
1
72 1
1
23 1
2
3
3
2
2
3
2
1
3
1
13 3
2
3
1
3 2
1
27 2
2
3
3
3
2
3
2
1
2
3
3
3
