270
1
41 3
3
1
39 1
1
89 2
2
2
1
1 1
3
3
1
1 1
1
90 2
1
22 2
1
43 3
3
1
75 3
3
2
3
3
2
2
3
3
1
88 2
2
1
1
7 1
1
86 3
1
80 3
2
3
3
3
2
2
2
1
1
28 2
1
35 3
1
75 2
1
46 2
1
39 1
3
3
1
45 1
2
1
3
3
2
3
2
1
1
42 3
2
1
1
46 2
2
3
2
2
2
3
1
42 1
1
91 3
2
2
3
1
71 2
3
2
2
2
3
2
3
1
49 1
1
48 1
2
2
1
34 2
1
75 2
1
86 1
2
2
3
2
1
3
3
1
7 2
1
74 1
3
1
86 2
2
2
3
3
1
72 3
1
0 2
2
1
3
2
1
3
1
95 3
2
3
3
1
35 1
3
1
15 1
2
2
2
1
2
3
2
1
3
3
3
1
97 3
2
3
2
2
1
43 3
1
73 1
1
7 1
1
78 1
3
3
2
3
1
76 2
1
94 3
3
2
2
2
2
1
51 2
1
57 1
3
3
3
1
43 3
1
77 3
3
2
2
3
1
3 3
2
3
2
1
3
3
2
2
2
1
1
68 3
1
12 1
2
3
3
3
1
14 3
1
10 2
2
1
2
1
3
2
3
3
3
2
2
1
88 1
2
3
1
98 3
2
2
2
3
3
2
2
1
52 1
3
2
1
2
3
2
2
1
68 3
1
76 1
2
2
2
2
3
1
83 2
1
70 2
1
63 3
1
86 2
3
3
3
2
2
3
1
75 1
1
98 1
1
1 1
3
2
1
2
3
2
2
2
1
3
1
2 2
2
3
1
56 3
3
3
3
3
2
1
3
2
3
1
46 3
1
5 2
1
50 2
1
51 1
2
2
2
1
3
1
42 2
1
15 1
1
1 2
1
88 1
1
5 1
3
3
2
2
2
3
3
3
1
7 3
3
3
3
2
2
3
2
1
2
2
3
2
3
3
1
26 3
1
31 1
3
3
2
2
2
2
3
1
74 2
2
3
2
3
3
3
3
2
3
3
3
2
1
3
2
1
2
1
1
28 3
1
13 3
3
3
1
35 2
1
99 1
2
1
3
3
1
11 1
2
2
1
74 3
1
11 2
3
2
2
3
2
1
2
1
1
74 3
2
1
2
2
1
22 1
1
18 2
3
2
3
2
3
2
1
2
3
3
2
2
2
2
1
74 1
1
84 1
3
3
