219
3
3
1
44 1
3
3
1
6 1
2
1
1
20 3
2
1
3
3
3
2
2
1
21 1
2
1
2
2
2
3
2
2
1
41 3
1
62 3
1
4 2
1
74 3
3
3
3
2
2
1
9 2
1
59 2
2
3
2
1
3
3
3
1
86 1
2
1
3
2
3
1
42 2
2
2
1
40 2
3
3
3
3
3
3
3
1
16 3
2
3
3
2
2
3
2
1
1
66 1
1
85 2
2
1
3
3
3
1
93 2
3
2
1
2
2
2
3
2
3
3
2
2
1
90 1
3
1
68 3
3
1
61 1
3
2
3
1
68 3
2
3
1
94 1
2
3
1
76 1
3
3
2
3
2
3
3
2
1
2
2
2
2
3
3
3
3
1
37 2
3
2
1
3
1
7 1
3
3
2
2
3
3
3
2
3
1
75 2
2
3
2
2
2
1
2
2
3
2
3
1
60 1
3
2
3
3
2
3
1
58 1
1
71 2
1
89 2
3
3
1
89 2
3
1
73 2
2
2
3
3
2
1
2
2
2
2
1
38 1
3
3
3
3
1
36 3
2
2
3
3
2
3
2
2
1
59 2
2
3
1
4 3
2
2
3
1
27 3
3
2
2
3
3
1
58 1
2
2
2
1
2
2
1
10 2
3
1
99 1
2
1
3
1
98 1
3
2
2
3
3
1
54 2
1
99 3
2
1
2
1
3
2
2
3
2
1
1
14 1
2
2
2
3
3
1
60 1
3
3
3
1
52 3
3
3
1
55 1
1
65 3
1
6 2
3
3
1
21 2
2
3
1
95 3
3
1
1 1
1
78 2
3
1
46 3
3
1
17 2
3
2
2
2
2
1
66 3
2
2
3
2
3
1
93 1
2
3
1
18 3
2
1
2
3
2
3
1
67 1
3
1
26 1
1
68 1
2
1
1
18 3
2
1
1
51 1
